DanceChara0000,0,65,64,64
DanceChara0001,130,195,64,64
DanceChara0002,65,0,64,64
DanceChara0003,65,65,64,64
DanceChara0004,0,130,64,64
DanceChara0005,65,130,64,64
DanceChara0006,130,0,64,64
IdleBackChara0000,130,65,64,64
IdleBackChara0001,130,130,64,64
IdleBackChara0002,0,195,64,64
IdleBackChara0003,65,195,64,64
IdleChara0000,0,0,64,64
IdleChara0001,195,0,64,64
IdleChara0002,195,65,64,64
IdleChara0003,195,130,64,64
MarkChara0000,195,195,64,64
MarkChara0001,0,260,64,64
MarkChara0002,65,260,64,64
MarkChara0003,130,260,64,64
MarkChara0004,195,260,64,64
MarkChara0005,260,0,64,64
MarkChara0006,260,65,64,64
Skeleton,260,130,64,64